33 37 53
35 36 52
34 37 53
35 37 51
34 38 52
33 38 51
33 39 52
33 37 52
34 37 52
34 39 52
35 37 52
33 38 51
34 39 51
35 40 52
35 39 52
34 39 53
33 36 52
33 35 52
35 38 52
34 40 52
36 39 51
36 37 52
38 37 52
38 38 53
36 43 55
25 47 50
30 36 53
33 34 52
35 35 52
32 40 53
35 37 53
36 38 53
34 38 50
36 40 51
37 39 51
35 38 51
35 41 51
34 43 51
36 41 52
34 41 50
35 40 51
36 41 51
34 41 51
35 42 51
35 43 52
34 44 54
33 45 54
36 42 54
36 40 54
37 42 54
37 43 54
37 42 53
38 44 51
39 46 49
40 45 48
39 46 46
38 46 44
40 44 43
38 42 42
37 41 43
38 42 44
38 44 44
38 44 46
39 47 46
40 47 44
40 47 45
40 46 44
40 46 45
41 46 45
40 45 45
39 47 44

